FORMAT=2,3
FILE_SIZE=4375, 4260
R_FLAG=2, 0.1
C_FLAG=0
 #DD_NSEW_FILES=S1_116_DESCENDING_IW_VV_VH_RANGE/20210109_VV_dem_ddns.geo.tif, S1_116_DESCENDING_IW_VV_VH_RANGE/20210109_VV_dem_ddew.geo.tif
SET=0, 000000, -167.004938, 33.813500, MSBAS_S1_125_DESCENDING_RANGE_SET.txt
SET=1, 000000, -167.004938, 33.813500, MSBAS_S1_125_DESCENDING_AZIMUTH_SET.txt
SET=0, 000000, -13.0562109, 33.784000, MSBAS_S1_005_ASCENDING_RANGE_SET.txt
SET=1, 000000, -13.0562109, 33.784000, MSBAS_S1_005_ASCENDING_AZIMUTH_SET.txt